24494012074270337270
-1544147356444413513
0
-6074855566378371717
-633009728815142067661687287799174629396825753236
10015312824217989972
0
0
0
793381049201719847
2152768189
1
0
-29953452886175980948814242482
7794099767899836993615488144
1048456824
0
14918802044694540966
0
-5734952791777092589
0
0
-974354209914855207
12011963873540710706
136631213969186010711207816229246471671
0
11575695162849321180
25580523193643936206
-2177911200
16055774308781304074
600175060
-8338956603085487373
9037665722857584122
151430402916390730
11243776390402945193030029715222836124
3110893907229113748
35384839314923237082198176640
7108847420063785374
21091544679072351227
14392570311715468534
22616770120220555828839345708
10504467116840522400
-11850548607212487551
7117031378103791050114029558
798731835
-13008078240052624659143592789001746140
-1
-50436936411524431306140529056704855715
-536735819
0
-1298531313407682838
-1367042109003100188336461616
8669507478602851628
0
-9048429660660209186566346991
4330639383200622601504350246
0
63295535040495754443136006054
3508688172
-1937537960616469211
-16836054299453715482229726347
1
31905450225505897939767258472
15457327476423387851983503680687427802
8223973505941722292149323094
20442843278477259003
19650324554701822057709977970
679361729027724450627199560
13193164072598629203
-169508131480398433969308919792773334313741612921176478611421626781
-118366534721205221643150257973528130431141739142
16659177134630502916
-2992879103330321445
-2182151486
0
0
178516577376989766709930805301
-19427939746297198061182078058
0
3904711484
0
26344955236476479727301095562526580433
4521859731
4250063946
5093021366592852813
4267510419192727558753531506
0
6707659684
-6
1941757586
2524043863
-1304436108751016383614909579
32798578488489331095529784336
0
4381104140440324398
15592989812637307324
-35471993894700399861416168279765117422
-15682207299654870033
-2825546857
902940888
9245878413
3076149358
5118246193
12768204969944604716
13219415992151325321
9625999974441257447
-5532518809053155073
11562739353266719725
43688922039160097757
1
-94059833581270503982407935628
13503806747427568019
20348266034056505150019221123
-11215027418215324267305126607813783032
1757519057
38478061783313099418400425909436731687
88177070687592346896221167248
-23987499143029721637
-49052926700832770497095371358137197416
192277610684716212895268626403678212415
-74441595858713068378289009078
675624208
20461167544587660119297462132
1626348854
3247815125066322538
-30957972518596088990996874687337556256
-2393242125549385156238385036248891492
-6573024817564034360339373666383238330
15479927725200807974
1084209325703951752
-21092117656810300880
163302257311251826767650462063074829688
2115844106
-1
7355744542011073314
-13926362042772888823
6351056257442800980
0
-9252213725373865222
12212909567243935496
19334707466265146078169456376
16546233252626996507725874841
18252227941260870643
32197421657445450387542428522
-5603166604186609308
0
-1484659012890251056
5769214651
17574859415108922212
76581406413082054947094141807592175185
